====== H (10) into Layer 1                      =======
        SRIM-2013.00
==========================================
    Ion and Target VACANCY production     
  See SRIM Outputs\TDATA.txt for calc. details
==========================================
--------------------------------------------------------------------
    Recoil/Damage Calculations made with Kinchin-Pease Estimates    
--------------------------------------------------------------------
 See file :  SRIM Outputs\TDATA.txt for calculation data
 Ion    =  H   Energy = 3400 keV
============= TARGET MATERIAL ======================================
Layer  1 : Layer 1
Layer Width =     4.E+06 A ;
  Layer # 1- Density = 4.976E22 atoms/cm3 = 2.321 g/cm3
  Layer # 1- Si = 100  Atomic Percent = 100  Mass Percent
====================================================================
 Total Ions calculated =5000.00
 Total Target Vacancies     = 47 /Ion

==========================================================
  Table Units are  >>>> Vacancies/(Angstrom-Ion)  <<<<  
==========================================================
   TARGET     VACANCIES     VACANCIES 
   DEPTH         by            by     
   (Ang.)       IONS         RECOILS  
-----------  -----------  ------------
400000.E-01  2480.00E-09  3898.57E-09  
800000.E-01  3775.00E-09  1035.45E-08  
120000.E+00  4015.00E-09  8346.39E-09  
160000.E+00  4255.00E-09  8626.87E-09  
200000.E+00  4305.00E-09  5608.11E-09  
240000.E+00  4355.00E-09  1271.07E-08  
280000.E+00  4495.00E-09  5189.12E-09  
320000.E+00  4620.00E-09  6337.34E-09  
360000.E+00  4705.00E-09  8394.01E-09  
400000.E+00  4975.00E-09  6786.55E-09  
440000.E+00  4980.00E-09  1094.28E-08  
480000.E+00  5325.00E-09  1462.34E-08  
520000.E+00  5315.00E-09  2175.84E-08  
560000.E+00  5975.00E-09  1962.02E-08  
600000.E+00  6060.00E-09  1269.67E-08  
640000.E+00  6425.00E-09  1199.35E-08  
680000.E+00  6535.00E-09  1847.02E-08  
720000.E+00  6890.00E-09  2350.56E-08  
760000.E+00  7315.00E-09  1459.86E-08  
800000.E+00  7640.00E-09  4132.46E-08  
840000.E+00  8750.00E-09  2627.65E-08  
880000.E+00  9340.00E-09  1357.83E-08  
920000.E+00  1020.50E-08  1689.71E-08  
960000.E+00  1151.50E-08  2675.66E-08  
100000.E+01  1352.50E-08  3854.07E-08  
104000.E+01  1604.50E-08  3697.42E-08  
108000.E+01  2145.00E-08  5346.75E-08  
112000.E+01  4921.00E-08  7985.21E-08  
116000.E+01  1395.20E-07  1502.52E-07  
120000.E+01  3956.50E-08  3235.89E-08  
124000.E+01  1300.00E-10  1330.59E-10  
128000.E+01  0000.00E+00  0000.00E+00  
132000.E+01  0000.00E+00  0000.00E+00  
136000.E+01  0000.00E+00  0000.00E+00  
140000.E+01  0000.00E+00  0000.00E+00  
144000.E+01  0000.00E+00  0000.00E+00  
148000.E+01  0000.00E+00  0000.00E+00  
152000.E+01  0000.00E+00  0000.00E+00  
156000.E+01  0000.00E+00  0000.00E+00  
160000.E+01  0000.00E+00  0000.00E+00  
164000.E+01  0000.00E+00  0000.00E+00  
168000.E+01  0000.00E+00  0000.00E+00  
172000.E+01  0000.00E+00  0000.00E+00  
176000.E+01  0000.00E+00  0000.00E+00  
180000.E+01  0000.00E+00  0000.00E+00  
184000.E+01  0000.00E+00  0000.00E+00  
188000.E+01  0000.00E+00  0000.00E+00  
192000.E+01  0000.00E+00  0000.00E+00  
196000.E+01  0000.00E+00  0000.00E+00  
200000.E+01  0000.00E+00  0000.00E+00  
204000.E+01  0000.00E+00  0000.00E+00  
208000.E+01  0000.00E+00  0000.00E+00  
212000.E+01  0000.00E+00  0000.00E+00  
216000.E+01  0000.00E+00  0000.00E+00  
220000.E+01  0000.00E+00  0000.00E+00  
224000.E+01  0000.00E+00  0000.00E+00  
228000.E+01  0000.00E+00  0000.00E+00  
232000.E+01  0000.00E+00  0000.00E+00  
236000.E+01  0000.00E+00  0000.00E+00  
240000.E+01  0000.00E+00  0000.00E+00  
244000.E+01  0000.00E+00  0000.00E+00  
248000.E+01  0000.00E+00  0000.00E+00  
252000.E+01  0000.00E+00  0000.00E+00  
256000.E+01  0000.00E+00  0000.00E+00  
260000.E+01  0000.00E+00  0000.00E+00  
264000.E+01  0000.00E+00  0000.00E+00  
268000.E+01  0000.00E+00  0000.00E+00  
272000.E+01  0000.00E+00  0000.00E+00  
276000.E+01  0000.00E+00  0000.00E+00  
280000.E+01  0000.00E+00  0000.00E+00  
284000.E+01  0000.00E+00  0000.00E+00  
288000.E+01  0000.00E+00  0000.00E+00  
292000.E+01  0000.00E+00  0000.00E+00  
296000.E+01  0000.00E+00  0000.00E+00  
300000.E+01  0000.00E+00  0000.00E+00  
304000.E+01  0000.00E+00  0000.00E+00  
308000.E+01  0000.00E+00  0000.00E+00  
312000.E+01  0000.00E+00  0000.00E+00  
316000.E+01  0000.00E+00  0000.00E+00  
320000.E+01  0000.00E+00  0000.00E+00  
324000.E+01  0000.00E+00  0000.00E+00  
328000.E+01  0000.00E+00  0000.00E+00  
332000.E+01  0000.00E+00  0000.00E+00  
336000.E+01  0000.00E+00  0000.00E+00  
340000.E+01  0000.00E+00  0000.00E+00  
344000.E+01  0000.00E+00  0000.00E+00  
348000.E+01  0000.00E+00  0000.00E+00  
352000.E+01  0000.00E+00  0000.00E+00  
356000.E+01  0000.00E+00  0000.00E+00  
360000.E+01  0000.00E+00  0000.00E+00  
364000.E+01  0000.00E+00  0000.00E+00  
368000.E+01  0000.00E+00  0000.00E+00  
372000.E+01  0000.00E+00  0000.00E+00  
376000.E+01  0000.00E+00  0000.00E+00  
380000.E+01  0000.00E+00  0000.00E+00  
384000.E+01  0000.00E+00  0000.00E+00  
388000.E+01  0000.00E+00  0000.00E+00  
392000.E+01  0000.00E+00  0000.00E+00  
396000.E+01  0000.00E+00  0000.00E+00  
400000.E+01  0000.00E+00  0000.00E+00  

 To convert to Energy Lost - multiply by Average Binding Energy =  2  eV/Vacancy
