====== H (10) into Layer 1                      =======
        SRIM-2013.00
==========================================
    Ion and Target VACANCY production     
  See SRIM Outputs\TDATA.txt for calc. details
==========================================
--------------------------------------------------------------------
    Recoil/Damage Calculations made with Kinchin-Pease Estimates    
--------------------------------------------------------------------
 See file :  SRIM Outputs\TDATA.txt for calculation data
 Ion    =  H   Energy = 3300 keV
============= TARGET MATERIAL ======================================
Layer  1 : Layer 1
Layer Width =     4.E+06 A ;
  Layer # 1- Density = 4.976E22 atoms/cm3 = 2.321 g/cm3
  Layer # 1- Si = 100  Atomic Percent = 100  Mass Percent
====================================================================
 Total Ions calculated =8204.37
 Total Target Vacancies     = 47 /Ion

==========================================================
  Table Units are  >>>> Vacancies/(Angstrom-Ion)  <<<<  
==========================================================
   TARGET     VACANCIES     VACANCIES 
   DEPTH         by            by     
   (Ang.)       IONS         RECOILS  
-----------  -----------  ------------
400000.E-01  2690.64E-09  7186.97E-09  
800000.E-01  3766.28E-09  7952.42E-09  
120000.E+00  4354.38E-09  1404.55E-08  
160000.E+00  4269.06E-09  8050.23E-09  
200000.E+00  4424.47E-09  7720.67E-09  
240000.E+00  4448.85E-09  1029.46E-08  
280000.E+00  4649.96E-09  1000.27E-08  
320000.E+00  4817.55E-09  9182.82E-09  
360000.E+00  4884.59E-09  1810.57E-08  
400000.E+00  5055.23E-09  1072.89E-08  
440000.E+00  5338.62E-09  1225.03E-08  
480000.E+00  5713.42E-09  1219.85E-08  
520000.E+00  5853.58E-09  1230.87E-08  
560000.E+00  6118.69E-09  1260.02E-08  
600000.E+00  6432.54E-09  1149.73E-08  
640000.E+00  6621.47E-09  2784.12E-08  
680000.E+00  7227.85E-09  3327.86E-08  
720000.E+00  7386.30E-09  2477.02E-08  
760000.E+00  8056.68E-09  1584.26E-08  
800000.E+00  8724.00E-09  2318.14E-08  
840000.E+00  9814.89E-09  2330.23E-08  
880000.E+00  1072.90E-08  2404.95E-08  
920000.E+00  1217.95E-08  3102.34E-08  
960000.E+00  1399.56E-08  2414.52E-08  
100000.E+01  1753.03E-08  3917.34E-08  
104000.E+01  2628.48E-08  6489.06E-08  
108000.E+01  8394.00E-08  1212.62E-07  
112000.E+01  1248.36E-07  1241.17E-07  
116000.E+01  1032.07E-08  8558.75E-09  
120000.E+01  0000.00E+00  0000.00E+00  
124000.E+01  0000.00E+00  0000.00E+00  
128000.E+01  0000.00E+00  0000.00E+00  
132000.E+01  0000.00E+00  0000.00E+00  
136000.E+01  0000.00E+00  0000.00E+00  
140000.E+01  0000.00E+00  0000.00E+00  
144000.E+01  0000.00E+00  0000.00E+00  
148000.E+01  0000.00E+00  0000.00E+00  
152000.E+01  0000.00E+00  0000.00E+00  
156000.E+01  0000.00E+00  0000.00E+00  
160000.E+01  0000.00E+00  0000.00E+00  
164000.E+01  0000.00E+00  0000.00E+00  
168000.E+01  0000.00E+00  0000.00E+00  
172000.E+01  0000.00E+00  0000.00E+00  
176000.E+01  0000.00E+00  0000.00E+00  
180000.E+01  0000.00E+00  0000.00E+00  
184000.E+01  0000.00E+00  0000.00E+00  
188000.E+01  0000.00E+00  0000.00E+00  
192000.E+01  0000.00E+00  0000.00E+00  
196000.E+01  0000.00E+00  0000.00E+00  
200000.E+01  0000.00E+00  0000.00E+00  
204000.E+01  0000.00E+00  0000.00E+00  
208000.E+01  0000.00E+00  0000.00E+00  
212000.E+01  0000.00E+00  0000.00E+00  
216000.E+01  0000.00E+00  0000.00E+00  
220000.E+01  0000.00E+00  0000.00E+00  
224000.E+01  0000.00E+00  0000.00E+00  
228000.E+01  0000.00E+00  0000.00E+00  
232000.E+01  0000.00E+00  0000.00E+00  
236000.E+01  0000.00E+00  0000.00E+00  
240000.E+01  0000.00E+00  0000.00E+00  
244000.E+01  0000.00E+00  0000.00E+00  
248000.E+01  0000.00E+00  0000.00E+00  
252000.E+01  0000.00E+00  0000.00E+00  
256000.E+01  0000.00E+00  0000.00E+00  
260000.E+01  0000.00E+00  0000.00E+00  
264000.E+01  0000.00E+00  0000.00E+00  
268000.E+01  0000.00E+00  0000.00E+00  
272000.E+01  0000.00E+00  0000.00E+00  
276000.E+01  0000.00E+00  0000.00E+00  
280000.E+01  0000.00E+00  0000.00E+00  
284000.E+01  0000.00E+00  0000.00E+00  
288000.E+01  0000.00E+00  0000.00E+00  
292000.E+01  0000.00E+00  0000.00E+00  
296000.E+01  0000.00E+00  0000.00E+00  
300000.E+01  0000.00E+00  0000.00E+00  
304000.E+01  0000.00E+00  0000.00E+00  
308000.E+01  0000.00E+00  0000.00E+00  
312000.E+01  0000.00E+00  0000.00E+00  
316000.E+01  0000.00E+00  0000.00E+00  
320000.E+01  0000.00E+00  0000.00E+00  
324000.E+01  0000.00E+00  0000.00E+00  
328000.E+01  0000.00E+00  0000.00E+00  
332000.E+01  0000.00E+00  0000.00E+00  
336000.E+01  0000.00E+00  0000.00E+00  
340000.E+01  0000.00E+00  0000.00E+00  
344000.E+01  0000.00E+00  0000.00E+00  
348000.E+01  0000.00E+00  0000.00E+00  
352000.E+01  0000.00E+00  0000.00E+00  
356000.E+01  0000.00E+00  0000.00E+00  
360000.E+01  0000.00E+00  0000.00E+00  
364000.E+01  0000.00E+00  0000.00E+00  
368000.E+01  0000.00E+00  0000.00E+00  
372000.E+01  0000.00E+00  0000.00E+00  
376000.E+01  0000.00E+00  0000.00E+00  
380000.E+01  0000.00E+00  0000.00E+00  
384000.E+01  0000.00E+00  0000.00E+00  
388000.E+01  0000.00E+00  0000.00E+00  
392000.E+01  0000.00E+00  0000.00E+00  
396000.E+01  0000.00E+00  0000.00E+00  
400000.E+01  0000.00E+00  0000.00E+00  

 To convert to Energy Lost - multiply by Average Binding Energy =  2  eV/Vacancy
