====== H (10) into Layer 1                      =======
        SRIM-2013.00
==========================================
    Ion and Target VACANCY production     
  See SRIM Outputs\TDATA.txt for calc. details
==========================================
--------------------------------------------------------------------
    Recoil/Damage Calculations made with Kinchin-Pease Estimates    
--------------------------------------------------------------------
 See file :  SRIM Outputs\TDATA.txt for calculation data
 Ion    =  H   Energy = 4600 keV
============= TARGET MATERIAL ======================================
Layer  1 : Layer 1
Layer Width =     4.E+06 A ;
  Layer # 1- Density = 4.976E22 atoms/cm3 = 2.321 g/cm3
  Layer # 1- Si = 100  Atomic Percent = 100  Mass Percent
====================================================================
 Total Ions calculated =5000.00
 Total Target Vacancies     = 56 /Ion

==========================================================
  Table Units are  >>>> Vacancies/(Angstrom-Ion)  <<<<  
==========================================================
   TARGET     VACANCIES     VACANCIES 
   DEPTH         by            by     
   (Ang.)       IONS         RECOILS  
-----------  -----------  ------------
400000.E-01  1635.00E-09  2873.74E-09  
800000.E-01  2720.00E-09  5670.36E-09  
120000.E+00  2945.00E-09  5406.00E-09  
160000.E+00  2990.00E-09  5337.20E-09  
200000.E+00  2920.00E-09  7170.07E-09  
240000.E+00  3130.00E-09  6876.91E-09  
280000.E+00  3005.00E-09  3666.98E-09  
320000.E+00  3085.00E-09  1584.31E-08  
360000.E+00  3235.00E-09  7582.30E-09  
400000.E+00  3170.00E-09  3574.25E-09  
440000.E+00  3355.00E-09  1210.14E-08  
480000.E+00  3405.00E-09  7651.08E-09  
520000.E+00  3380.00E-09  7676.43E-09  
560000.E+00  3805.00E-09  5590.15E-09  
600000.E+00  3575.00E-09  2767.10E-08  
640000.E+00  3785.00E-09  7324.95E-09  
680000.E+00  3865.00E-09  8317.72E-09  
720000.E+00  3775.00E-09  4803.12E-09  
760000.E+00  3990.00E-09  9236.82E-09  
800000.E+00  3855.00E-09  1224.60E-08  
840000.E+00  3875.00E-09  5884.46E-09  
880000.E+00  4330.00E-09  1007.82E-08  
920000.E+00  4195.00E-09  6661.22E-09  
960000.E+00  4585.00E-09  2264.88E-08  
100000.E+01  4475.00E-09  7809.63E-09  
104000.E+01  4580.00E-09  7812.71E-09  
108000.E+01  4685.00E-09  1122.67E-08  
112000.E+01  4785.00E-09  2048.15E-08  
116000.E+01  4805.00E-09  9724.51E-09  
120000.E+01  5095.00E-09  1549.03E-08  
124000.E+01  5235.00E-09  1170.57E-08  
128000.E+01  5630.00E-09  9692.67E-09  
132000.E+01  5940.00E-09  1456.26E-08  
136000.E+01  6290.00E-09  1371.70E-08  
140000.E+01  6135.00E-09  9886.85E-09  
144000.E+01  6925.00E-09  2251.32E-08  
148000.E+01  7410.00E-09  2496.50E-08  
152000.E+01  6970.00E-09  1509.11E-08  
156000.E+01  7950.00E-09  2375.99E-08  
160000.E+01  8830.00E-09  2512.26E-08  
164000.E+01  9065.00E-09  1477.10E-08  
168000.E+01  1057.00E-08  1968.79E-08  
172000.E+01  1163.50E-08  3490.38E-08  
176000.E+01  1412.50E-08  3221.17E-08  
180000.E+01  1785.50E-08  4461.68E-08  
184000.E+01  2942.50E-08  6114.32E-08  
188000.E+01  7556.00E-08  1069.90E-07  
192000.E+01  9824.00E-08  1077.54E-07  
196000.E+01  3926.00E-08  3609.61E-08  
200000.E+01  3315.00E-09  2652.50E-09  
204000.E+01  2000.00E-11  4294.82E-12  
208000.E+01  0000.00E+00  0000.00E+00  
212000.E+01  0000.00E+00  0000.00E+00  
216000.E+01  0000.00E+00  0000.00E+00  
220000.E+01  0000.00E+00  0000.00E+00  
224000.E+01  0000.00E+00  0000.00E+00  
228000.E+01  0000.00E+00  0000.00E+00  
232000.E+01  0000.00E+00  0000.00E+00  
236000.E+01  0000.00E+00  0000.00E+00  
240000.E+01  0000.00E+00  0000.00E+00  
244000.E+01  0000.00E+00  0000.00E+00  
248000.E+01  0000.00E+00  0000.00E+00  
252000.E+01  0000.00E+00  0000.00E+00  
256000.E+01  0000.00E+00  0000.00E+00  
260000.E+01  0000.00E+00  0000.00E+00  
264000.E+01  0000.00E+00  0000.00E+00  
268000.E+01  0000.00E+00  0000.00E+00  
272000.E+01  0000.00E+00  0000.00E+00  
276000.E+01  0000.00E+00  0000.00E+00  
280000.E+01  0000.00E+00  0000.00E+00  
284000.E+01  0000.00E+00  0000.00E+00  
288000.E+01  0000.00E+00  0000.00E+00  
292000.E+01  0000.00E+00  0000.00E+00  
296000.E+01  0000.00E+00  0000.00E+00  
300000.E+01  0000.00E+00  0000.00E+00  
304000.E+01  0000.00E+00  0000.00E+00  
308000.E+01  0000.00E+00  0000.00E+00  
312000.E+01  0000.00E+00  0000.00E+00  
316000.E+01  0000.00E+00  0000.00E+00  
320000.E+01  0000.00E+00  0000.00E+00  
324000.E+01  0000.00E+00  0000.00E+00  
328000.E+01  0000.00E+00  0000.00E+00  
332000.E+01  0000.00E+00  0000.00E+00  
336000.E+01  0000.00E+00  0000.00E+00  
340000.E+01  0000.00E+00  0000.00E+00  
344000.E+01  0000.00E+00  0000.00E+00  
348000.E+01  0000.00E+00  0000.00E+00  
352000.E+01  0000.00E+00  0000.00E+00  
356000.E+01  0000.00E+00  0000.00E+00  
360000.E+01  0000.00E+00  0000.00E+00  
364000.E+01  0000.00E+00  0000.00E+00  
368000.E+01  0000.00E+00  0000.00E+00  
372000.E+01  0000.00E+00  0000.00E+00  
376000.E+01  0000.00E+00  0000.00E+00  
380000.E+01  0000.00E+00  0000.00E+00  
384000.E+01  0000.00E+00  0000.00E+00  
388000.E+01  0000.00E+00  0000.00E+00  
392000.E+01  0000.00E+00  0000.00E+00  
396000.E+01  0000.00E+00  0000.00E+00  
400000.E+01  0000.00E+00  0000.00E+00  

 To convert to Energy Lost - multiply by Average Binding Energy =  2  eV/Vacancy
