====== H (10) into Layer 1                      =======
        SRIM-2013.00
==========================================
    Ion and Target VACANCY production     
  See SRIM Outputs\TDATA.txt for calc. details
==========================================
--------------------------------------------------------------------
    Recoil/Damage Calculations made with Kinchin-Pease Estimates    
--------------------------------------------------------------------
 See file :  SRIM Outputs\TDATA.txt for calculation data
 Ion    =  H   Energy = 4100 keV
============= TARGET MATERIAL ======================================
Layer  1 : Layer 1
Layer Width =     4.E+06 A ;
  Layer # 1- Density = 4.976E22 atoms/cm3 = 2.321 g/cm3
  Layer # 1- Si = 100  Atomic Percent = 100  Mass Percent
====================================================================
 Total Ions calculated =5000.00
 Total Target Vacancies     = 53 /Ion

==========================================================
  Table Units are  >>>> Vacancies/(Angstrom-Ion)  <<<<  
==========================================================
   TARGET     VACANCIES     VACANCIES 
   DEPTH         by            by     
   (Ang.)       IONS         RECOILS  
-----------  -----------  ------------
400000.E-01  2120.00E-09  3226.04E-09  
800000.E-01  2490.00E-09  2571.15E-09  
120000.E+00  3065.00E-09  7161.44E-09  
160000.E+00  3480.00E-09  1502.14E-08  
200000.E+00  3260.00E-09  4370.52E-09  
240000.E+00  3505.00E-09  9171.80E-09  
280000.E+00  3605.00E-09  5396.37E-09  
320000.E+00  3660.00E-09  1388.29E-08  
360000.E+00  3695.00E-09  6392.98E-09  
400000.E+00  3725.00E-09  8310.74E-09  
440000.E+00  3715.00E-09  7522.44E-09  
480000.E+00  4150.00E-09  2089.50E-08  
520000.E+00  3940.00E-09  1779.75E-08  
560000.E+00  4000.00E-09  7677.05E-09  
600000.E+00  4190.00E-09  7226.34E-09  
640000.E+00  4395.00E-09  8327.98E-09  
680000.E+00  4385.00E-09  7241.04E-09  
720000.E+00  4500.00E-09  8292.35E-09  
760000.E+00  4520.00E-09  1766.82E-08  
800000.E+00  4945.00E-09  9590.48E-09  
840000.E+00  4775.00E-09  2937.91E-08  
880000.E+00  5315.00E-09  8086.33E-09  
920000.E+00  5515.00E-09  1000.33E-08  
960000.E+00  5770.00E-09  8259.05E-09  
100000.E+01  5775.00E-09  2107.24E-08  
104000.E+01  6095.00E-09  1124.46E-08  
108000.E+01  6425.00E-09  1273.14E-08  
112000.E+01  7010.00E-09  1151.24E-08  
116000.E+01  7300.00E-09  1605.55E-08  
120000.E+01  7685.00E-09  2651.12E-08  
124000.E+01  8140.00E-09  2635.87E-08  
128000.E+01  8685.00E-09  2357.47E-08  
132000.E+01  9625.00E-09  1837.16E-08  
136000.E+01  1090.50E-08  2862.30E-08  
140000.E+01  1222.50E-08  2640.13E-08  
144000.E+01  1552.50E-08  3172.57E-08  
148000.E+01  1955.00E-08  5078.14E-08  
152000.E+01  3579.50E-08  6700.96E-08  
156000.E+01  9871.00E-08  1330.60E-07  
160000.E+01  8959.50E-08  9129.01E-08  
164000.E+01  1343.00E-08  1419.00E-08  
168000.E+01  2250.00E-10  1143.82E-10  
172000.E+01  0000.00E+00  0000.00E+00  
176000.E+01  0000.00E+00  0000.00E+00  
180000.E+01  0000.00E+00  0000.00E+00  
184000.E+01  0000.00E+00  0000.00E+00  
188000.E+01  0000.00E+00  0000.00E+00  
192000.E+01  0000.00E+00  0000.00E+00  
196000.E+01  0000.00E+00  0000.00E+00  
200000.E+01  0000.00E+00  0000.00E+00  
204000.E+01  0000.00E+00  0000.00E+00  
208000.E+01  0000.00E+00  0000.00E+00  
212000.E+01  0000.00E+00  0000.00E+00  
216000.E+01  0000.00E+00  0000.00E+00  
220000.E+01  0000.00E+00  0000.00E+00  
224000.E+01  0000.00E+00  0000.00E+00  
228000.E+01  0000.00E+00  0000.00E+00  
232000.E+01  0000.00E+00  0000.00E+00  
236000.E+01  0000.00E+00  0000.00E+00  
240000.E+01  0000.00E+00  0000.00E+00  
244000.E+01  0000.00E+00  0000.00E+00  
248000.E+01  0000.00E+00  0000.00E+00  
252000.E+01  0000.00E+00  0000.00E+00  
256000.E+01  0000.00E+00  0000.00E+00  
260000.E+01  0000.00E+00  0000.00E+00  
264000.E+01  0000.00E+00  0000.00E+00  
268000.E+01  0000.00E+00  0000.00E+00  
272000.E+01  0000.00E+00  0000.00E+00  
276000.E+01  0000.00E+00  0000.00E+00  
280000.E+01  0000.00E+00  0000.00E+00  
284000.E+01  0000.00E+00  0000.00E+00  
288000.E+01  0000.00E+00  0000.00E+00  
292000.E+01  0000.00E+00  0000.00E+00  
296000.E+01  0000.00E+00  0000.00E+00  
300000.E+01  0000.00E+00  0000.00E+00  
304000.E+01  0000.00E+00  0000.00E+00  
308000.E+01  0000.00E+00  0000.00E+00  
312000.E+01  0000.00E+00  0000.00E+00  
316000.E+01  0000.00E+00  0000.00E+00  
320000.E+01  0000.00E+00  0000.00E+00  
324000.E+01  0000.00E+00  0000.00E+00  
328000.E+01  0000.00E+00  0000.00E+00  
332000.E+01  0000.00E+00  0000.00E+00  
336000.E+01  0000.00E+00  0000.00E+00  
340000.E+01  0000.00E+00  0000.00E+00  
344000.E+01  0000.00E+00  0000.00E+00  
348000.E+01  0000.00E+00  0000.00E+00  
352000.E+01  0000.00E+00  0000.00E+00  
356000.E+01  0000.00E+00  0000.00E+00  
360000.E+01  0000.00E+00  0000.00E+00  
364000.E+01  0000.00E+00  0000.00E+00  
368000.E+01  0000.00E+00  0000.00E+00  
372000.E+01  0000.00E+00  0000.00E+00  
376000.E+01  0000.00E+00  0000.00E+00  
380000.E+01  0000.00E+00  0000.00E+00  
384000.E+01  0000.00E+00  0000.00E+00  
388000.E+01  0000.00E+00  0000.00E+00  
392000.E+01  0000.00E+00  0000.00E+00  
396000.E+01  0000.00E+00  0000.00E+00  
400000.E+01  0000.00E+00  0000.00E+00  

 To convert to Energy Lost - multiply by Average Binding Energy =  2  eV/Vacancy
