====== H (10) into Layer 1                      =======
        SRIM-2013.00
==========================================
    Ion and Target VACANCY production     
  See SRIM Outputs\TDATA.txt for calc. details
==========================================
--------------------------------------------------------------------
    Recoil/Damage Calculations made with Kinchin-Pease Estimates    
--------------------------------------------------------------------
 See file :  SRIM Outputs\TDATA.txt for calculation data
 Ion    =  H   Energy = 4200 keV
============= TARGET MATERIAL ======================================
Layer  1 : Layer 1
Layer Width =     4.E+06 A ;
  Layer # 1- Density = 4.976E22 atoms/cm3 = 2.321 g/cm3
  Layer # 1- Si = 100  Atomic Percent = 100  Mass Percent
====================================================================
 Total Ions calculated =5000.00
 Total Target Vacancies     = 53 /Ion

==========================================================
  Table Units are  >>>> Vacancies/(Angstrom-Ion)  <<<<  
==========================================================
   TARGET     VACANCIES     VACANCIES 
   DEPTH         by            by     
   (Ang.)       IONS         RECOILS  
-----------  -----------  ------------
400000.E-01  1975.00E-09  3280.14E-09  
800000.E-01  2665.00E-09  1185.13E-08  
120000.E+00  3095.00E-09  3763.71E-09  
160000.E+00  3130.00E-09  1270.88E-08  
200000.E+00  3435.00E-09  7574.65E-09  
240000.E+00  3500.00E-09  2552.97E-08  
280000.E+00  3640.00E-09  4478.15E-09  
320000.E+00  3320.00E-09  5020.49E-09  
360000.E+00  3510.00E-09  3949.61E-09  
400000.E+00  3735.00E-09  7152.36E-09  
440000.E+00  3920.00E-09  9794.07E-09  
480000.E+00  3830.00E-09  5864.59E-09  
520000.E+00  4055.00E-09  1717.35E-08  
560000.E+00  3905.00E-09  1439.89E-08  
600000.E+00  4060.00E-09  1963.85E-08  
640000.E+00  4555.00E-09  7940.95E-09  
680000.E+00  4115.00E-09  1124.07E-08  
720000.E+00  4170.00E-09  8086.90E-09  
760000.E+00  4550.00E-09  7382.85E-09  
800000.E+00  4755.00E-09  8894.91E-09  
840000.E+00  4945.00E-09  1184.60E-08  
880000.E+00  5155.00E-09  9026.02E-09  
920000.E+00  4960.00E-09  9381.43E-09  
960000.E+00  5120.00E-09  1110.50E-08  
100000.E+01  5515.00E-09  1163.07E-08  
104000.E+01  5715.00E-09  7817.31E-09  
108000.E+01  6285.00E-09  1065.64E-08  
112000.E+01  6240.00E-09  1923.42E-08  
116000.E+01  6700.00E-09  1325.74E-08  
120000.E+01  7025.00E-09  1740.55E-08  
124000.E+01  7115.00E-09  1795.14E-08  
128000.E+01  7975.00E-09  2977.16E-08  
132000.E+01  8340.00E-09  1372.41E-08  
136000.E+01  9275.00E-09  2661.65E-08  
140000.E+01  1047.50E-08  2266.27E-08  
144000.E+01  1155.00E-08  4186.20E-08  
148000.E+01  1363.50E-08  2539.59E-08  
152000.E+01  1644.50E-08  4185.92E-08  
156000.E+01  2255.00E-08  4642.09E-08  
160000.E+01  5510.00E-08  9257.73E-08  
164000.E+01  1153.55E-07  1393.63E-07  
168000.E+01  5228.00E-08  5188.65E-08  
172000.E+01  4800.00E-09  3283.02E-09  
176000.E+01  4500.00E-11  4111.28E-12  
180000.E+01  0000.00E+00  0000.00E+00  
184000.E+01  0000.00E+00  0000.00E+00  
188000.E+01  0000.00E+00  0000.00E+00  
192000.E+01  0000.00E+00  0000.00E+00  
196000.E+01  0000.00E+00  0000.00E+00  
200000.E+01  0000.00E+00  0000.00E+00  
204000.E+01  0000.00E+00  0000.00E+00  
208000.E+01  0000.00E+00  0000.00E+00  
212000.E+01  0000.00E+00  0000.00E+00  
216000.E+01  0000.00E+00  0000.00E+00  
220000.E+01  0000.00E+00  0000.00E+00  
224000.E+01  0000.00E+00  0000.00E+00  
228000.E+01  0000.00E+00  0000.00E+00  
232000.E+01  0000.00E+00  0000.00E+00  
236000.E+01  0000.00E+00  0000.00E+00  
240000.E+01  0000.00E+00  0000.00E+00  
244000.E+01  0000.00E+00  0000.00E+00  
248000.E+01  0000.00E+00  0000.00E+00  
252000.E+01  0000.00E+00  0000.00E+00  
256000.E+01  0000.00E+00  0000.00E+00  
260000.E+01  0000.00E+00  0000.00E+00  
264000.E+01  0000.00E+00  0000.00E+00  
268000.E+01  0000.00E+00  0000.00E+00  
272000.E+01  0000.00E+00  0000.00E+00  
276000.E+01  0000.00E+00  0000.00E+00  
280000.E+01  0000.00E+00  0000.00E+00  
284000.E+01  0000.00E+00  0000.00E+00  
288000.E+01  0000.00E+00  0000.00E+00  
292000.E+01  0000.00E+00  0000.00E+00  
296000.E+01  0000.00E+00  0000.00E+00  
300000.E+01  0000.00E+00  0000.00E+00  
304000.E+01  0000.00E+00  0000.00E+00  
308000.E+01  0000.00E+00  0000.00E+00  
312000.E+01  0000.00E+00  0000.00E+00  
316000.E+01  0000.00E+00  0000.00E+00  
320000.E+01  0000.00E+00  0000.00E+00  
324000.E+01  0000.00E+00  0000.00E+00  
328000.E+01  0000.00E+00  0000.00E+00  
332000.E+01  0000.00E+00  0000.00E+00  
336000.E+01  0000.00E+00  0000.00E+00  
340000.E+01  0000.00E+00  0000.00E+00  
344000.E+01  0000.00E+00  0000.00E+00  
348000.E+01  0000.00E+00  0000.00E+00  
352000.E+01  0000.00E+00  0000.00E+00  
356000.E+01  0000.00E+00  0000.00E+00  
360000.E+01  0000.00E+00  0000.00E+00  
364000.E+01  0000.00E+00  0000.00E+00  
368000.E+01  0000.00E+00  0000.00E+00  
372000.E+01  0000.00E+00  0000.00E+00  
376000.E+01  0000.00E+00  0000.00E+00  
380000.E+01  0000.00E+00  0000.00E+00  
384000.E+01  0000.00E+00  0000.00E+00  
388000.E+01  0000.00E+00  0000.00E+00  
392000.E+01  0000.00E+00  0000.00E+00  
396000.E+01  0000.00E+00  0000.00E+00  
400000.E+01  0000.00E+00  0000.00E+00  

 To convert to Energy Lost - multiply by Average Binding Energy =  2  eV/Vacancy
