====== H (10) into Layer 1                      =======
        SRIM-2013.00
==========================================
    Ion and Target VACANCY production     
  See SRIM Outputs\TDATA.txt for calc. details
==========================================
--------------------------------------------------------------------
    Recoil/Damage Calculations made with Kinchin-Pease Estimates    
--------------------------------------------------------------------
 See file :  SRIM Outputs\TDATA.txt for calculation data
 Ion    =  H   Energy = 4800 keV
============= TARGET MATERIAL ======================================
Layer  1 : Layer 1
Layer Width =     4.E+06 A ;
  Layer # 1- Density = 4.976E22 atoms/cm3 = 2.321 g/cm3
  Layer # 1- Si = 100  Atomic Percent = 100  Mass Percent
====================================================================
 Total Ions calculated =5000.00
 Total Target Vacancies     = 57 /Ion

==========================================================
  Table Units are  >>>> Vacancies/(Angstrom-Ion)  <<<<  
==========================================================
   TARGET     VACANCIES     VACANCIES 
   DEPTH         by            by     
   (Ang.)       IONS         RECOILS  
-----------  -----------  ------------
400000.E-01  1560.00E-09  2712.20E-09  
800000.E-01  2345.00E-09  3437.64E-09  
120000.E+00  2905.00E-09  5904.96E-09  
160000.E+00  2805.00E-09  5863.54E-09  
200000.E+00  3060.00E-09  7699.10E-09  
240000.E+00  2990.00E-09  7083.53E-09  
280000.E+00  2985.00E-09  8332.15E-09  
320000.E+00  3230.00E-09  7522.82E-09  
360000.E+00  3085.00E-09  4976.57E-09  
400000.E+00  3030.00E-09  1035.22E-08  
440000.E+00  3310.00E-09  8423.39E-09  
480000.E+00  2995.00E-09  4630.64E-09  
520000.E+00  3385.00E-09  8124.55E-09  
560000.E+00  3170.00E-09  6772.46E-09  
600000.E+00  3425.00E-09  8774.90E-09  
640000.E+00  3330.00E-09  8255.24E-09  
680000.E+00  3640.00E-09  8780.96E-09  
720000.E+00  3580.00E-09  1547.93E-08  
760000.E+00  3440.00E-09  5558.44E-09  
800000.E+00  3670.00E-09  7370.50E-09  
840000.E+00  3475.00E-09  4861.49E-09  
880000.E+00  3955.00E-09  5799.34E-09  
920000.E+00  3905.00E-09  7350.17E-09  
960000.E+00  3990.00E-09  2222.81E-08  
100000.E+01  4370.00E-09  3813.00E-08  
104000.E+01  3895.00E-09  6217.06E-09  
108000.E+01  3955.00E-09  5285.73E-09  
112000.E+01  4420.00E-09  6034.14E-09  
116000.E+01  4365.00E-09  6349.63E-09  
120000.E+01  4645.00E-09  1719.68E-08  
124000.E+01  4730.00E-09  1133.54E-08  
128000.E+01  4840.00E-09  1347.83E-08  
132000.E+01  5025.00E-09  6499.23E-09  
136000.E+01  5325.00E-09  9483.31E-09  
140000.E+01  5470.00E-09  9713.90E-09  
144000.E+01  5860.00E-09  3311.98E-08  
148000.E+01  5850.00E-09  1253.02E-08  
152000.E+01  6370.00E-09  1331.83E-08  
156000.E+01  6565.00E-09  1399.53E-08  
160000.E+01  6865.00E-09  2315.55E-08  
164000.E+01  7215.00E-09  1421.91E-08  
168000.E+01  7440.00E-09  1318.10E-08  
172000.E+01  8445.00E-09  3560.71E-08  
176000.E+01  8770.00E-09  1707.06E-08  
180000.E+01  1009.00E-08  1973.14E-08  
184000.E+01  1095.50E-08  1593.98E-08  
188000.E+01  1302.50E-08  2846.32E-08  
192000.E+01  1565.50E-08  2885.91E-08  
196000.E+01  2194.00E-08  5044.65E-08  
200000.E+01  4904.50E-08  7475.77E-08  
204000.E+01  9477.50E-08  1253.64E-07  
208000.E+01  7203.00E-08  6975.68E-08  
212000.E+01  1676.50E-08  1623.10E-08  
216000.E+01  1310.00E-09  8953.65E-10  
220000.E+01  0000.00E+00  0000.00E+00  
224000.E+01  0000.00E+00  0000.00E+00  
228000.E+01  0000.00E+00  0000.00E+00  
232000.E+01  0000.00E+00  0000.00E+00  
236000.E+01  0000.00E+00  0000.00E+00  
240000.E+01  0000.00E+00  0000.00E+00  
244000.E+01  0000.00E+00  0000.00E+00  
248000.E+01  0000.00E+00  0000.00E+00  
252000.E+01  0000.00E+00  0000.00E+00  
256000.E+01  0000.00E+00  0000.00E+00  
260000.E+01  0000.00E+00  0000.00E+00  
264000.E+01  0000.00E+00  0000.00E+00  
268000.E+01  0000.00E+00  0000.00E+00  
272000.E+01  0000.00E+00  0000.00E+00  
276000.E+01  0000.00E+00  0000.00E+00  
280000.E+01  0000.00E+00  0000.00E+00  
284000.E+01  0000.00E+00  0000.00E+00  
288000.E+01  0000.00E+00  0000.00E+00  
292000.E+01  0000.00E+00  0000.00E+00  
296000.E+01  0000.00E+00  0000.00E+00  
300000.E+01  0000.00E+00  0000.00E+00  
304000.E+01  0000.00E+00  0000.00E+00  
308000.E+01  0000.00E+00  0000.00E+00  
312000.E+01  0000.00E+00  0000.00E+00  
316000.E+01  0000.00E+00  0000.00E+00  
320000.E+01  0000.00E+00  0000.00E+00  
324000.E+01  0000.00E+00  0000.00E+00  
328000.E+01  0000.00E+00  0000.00E+00  
332000.E+01  0000.00E+00  0000.00E+00  
336000.E+01  0000.00E+00  0000.00E+00  
340000.E+01  0000.00E+00  0000.00E+00  
344000.E+01  0000.00E+00  0000.00E+00  
348000.E+01  0000.00E+00  0000.00E+00  
352000.E+01  0000.00E+00  0000.00E+00  
356000.E+01  0000.00E+00  0000.00E+00  
360000.E+01  0000.00E+00  0000.00E+00  
364000.E+01  0000.00E+00  0000.00E+00  
368000.E+01  0000.00E+00  0000.00E+00  
372000.E+01  0000.00E+00  0000.00E+00  
376000.E+01  0000.00E+00  0000.00E+00  
380000.E+01  0000.00E+00  0000.00E+00  
384000.E+01  0000.00E+00  0000.00E+00  
388000.E+01  0000.00E+00  0000.00E+00  
392000.E+01  0000.00E+00  0000.00E+00  
396000.E+01  0000.00E+00  0000.00E+00  
400000.E+01  0000.00E+00  0000.00E+00  

 To convert to Energy Lost - multiply by Average Binding Energy =  2  eV/Vacancy
